1.000000 4.046173
2.000000 3.991510
3.000000 5.340941
4.000000 5.741830
5.000000 6.279908
6.000000 6.441958
7.000000 13.503026
8.000000 13.934700
9.000000 14.172883
10.000000 17.126277
11.000000 18.794729
12.000000 17.791816
13.000000 17.600571
14.000000 23.419510
15.000000 19.645278
16.000000 22.262815
17.000000 24.306726
18.000000 28.298526
19.000000 26.082697
20.000000 27.296927
21.000000 30.208909
22.000000 29.112696
23.000000 34.172409
24.000000 31.943666
25.000000 31.915785
26.000000 33.066712
27.000000 34.888905
28.000000 38.816750
29.000000 36.450451
30.000000 37.664390
31.000000 39.573905
32.000000 40.829572
33.000000 40.855629
34.000000 46.601703
35.000000 45.800912
36.000000 45.349671
37.000000 44.578559
38.000000 44.708490
39.000000 49.302200
40.000000 53.260253
41.000000 52.383009
42.000000 55.499358
43.000000 53.615266
44.000000 49.059021
45.000000 51.214933
46.000000 54.645617
47.000000 52.817163
48.000000 54.683013
49.000000 57.238756
50.000000 55.713667
51.000000 57.876256
52.000000 58.646653
53.000000 57.654083
54.000000 61.181614
55.000000 61.185210
56.000000 62.093867
57.000000 59.300423
58.000000 62.954109
59.000000 63.928870
60.000000 63.823119
61.000000 64.222650
62.000000 65.749371
63.000000 64.694397
64.000000 65.561738
65.000000 62.513524
66.000000 64.673066
67.000000 70.910172
68.000000 64.799231
69.000000 69.848901
70.000000 71.315675
71.000000 71.127683
72.000000 72.217451
73.000000 71.513489
74.000000 68.440453
75.000000 74.635702
76.000000 73.219748
77.000000 70.983495
78.000000 71.105615
79.000000 75.541620
80.000000 72.586160
81.000000 72.886742
82.000000 75.478357
83.000000 70.415826
84.000000 74.077968
85.000000 74.507857
86.000000 76.897726
87.000000 76.729048
88.000000 79.465696
89.000000 77.428233
90.000000 80.526723
91.000000 81.608468
92.000000 77.206262
93.000000 79.669617
94.000000 79.832083
95.000000 82.079395
96.000000 78.742207
97.000000 81.268863
98.000000 84.905992
99.000000 79.966156
100.000000 83.507996
101.000000 85.309049
102.000000 85.194237
103.000000 80.233365
104.000000 81.026337
105.000000 82.781381
106.000000 82.824652
107.000000 81.070794
108.000000 83.598407
109.000000 83.356196
110.000000 85.629516
111.000000 84.054874
112.000000 84.971500
113.000000 87.176890
114.000000 86.548226
115.000000 83.328847
116.000000 89.220370
117.000000 86.740236
118.000000 85.110389
119.000000 84.442504
120.000000 89.534915
121.000000 86.931985
122.000000 90.648949
123.000000 85.576197
124.000000 86.411899
125.000000 84.981792
126.000000 86.358934
127.000000 86.063484
128.000000 88.589871
129.000000 89.346367
130.000000 93.947748
131.000000 85.482234
132.000000 90.522809
133.000000 91.886414
134.000000 86.663062
135.000000 88.988279
136.000000 88.289396
137.000000 90.213257
138.000000 91.467898
139.000000 88.623029
140.000000 90.536555
141.000000 96.234789
142.000000 88.678292
143.000000 88.525721
144.000000 96.696228
145.000000 91.728359
146.000000 90.023517
147.000000 90.622236
148.000000 94.674007
149.000000 93.335362
150.000000 89.921220
151.000000 94.597285
152.000000 90.558388
153.000000 90.866298
154.000000 92.540044
155.000000 91.565969
156.000000 89.827856
157.000000 93.089206
158.000000 92.489122
159.000000 92.533719
160.000000 92.314090
161.000000 89.476044
162.000000 98.146859
163.000000 92.672933
164.000000 94.663207
165.000000 91.042668
166.000000 96.579478
167.000000 94.117693
168.000000 91.678977
169.000000 95.559337
170.000000 91.389389
171.000000 94.837546
172.000000 93.941170
173.000000 93.319491
174.000000 98.549996
175.000000 90.258722
176.000000 96.066622
177.000000 94.842057
178.000000 94.209389
179.000000 93.974341
180.000000 94.751386
181.000000 98.233165
182.000000 95.165654
183.000000 93.832193
184.000000 94.320340
185.000000 96.907488
186.000000 94.549499
187.000000 93.035593
188.000000 93.176192
189.000000 97.403307
190.000000 95.761912
191.000000 99.865543
192.000000 96.409048
193.000000 96.642141
194.000000 95.512587
195.000000 92.522146
196.000000 98.736768
197.000000 96.226844
198.000000 95.842716
199.000000 94.187259
200.000000 95.999445
201.000000 99.183529
202.000000 98.387256
203.000000 95.543680
204.000000 97.045107
205.000000 96.530477
206.000000 94.826752
207.000000 94.640476
208.000000 99.405403
209.000000 96.407181
210.000000 102.263445
211.000000 99.327651
212.000000 97.440417
213.000000 95.448043
214.000000 99.946676
215.000000 97.699834
216.000000 102.496535
217.000000 101.740013
218.000000 97.361766
219.000000 98.510122
220.000000 95.717243
221.000000 96.547788
222.000000 95.624679
223.000000 97.160409
224.000000 94.637925
225.000000 94.604018
226.000000 95.832450
227.000000 96.416884
228.000000 99.165694
229.000000 99.681962
230.000000 93.128594
231.000000 94.958891
232.000000 98.100613
233.000000 98.043237
234.000000 96.195951
235.000000 97.544223
236.000000 99.818590
237.000000 98.417324
238.000000 97.772929
239.000000 97.332338
240.000000 98.195198
241.000000 100.361562
242.000000 97.877677
243.000000 99.488622
244.000000 96.479858
245.000000 99.473973
246.000000 98.565832
247.000000 97.151777
248.000000 99.208764
249.000000 100.633932
250.000000 97.890417
251.000000 98.673178
252.000000 95.531105
253.000000 95.871241
254.000000 99.640271
255.000000 98.407331
256.000000 99.150437
257.000000 101.282456
258.000000 99.065160
259.000000 99.571430
260.000000 100.435364
261.000000 96.410325
262.000000 102.508188
263.000000 98.240563
264.000000 96.384377
265.000000 100.362591
266.000000 99.672143
267.000000 99.875413
268.000000 95.817507
269.000000 101.152966
270.000000 98.969235
271.000000 96.662912
272.000000 102.349189
273.000000 97.122121
274.000000 103.749277
275.000000 96.730962
276.000000 99.564526
277.000000 97.869435
278.000000 97.398632
279.000000 99.765288
280.000000 97.098083
281.000000 100.382289
282.000000 102.727691
283.000000 96.910581
284.000000 100.607443
285.000000 96.864388
286.000000 98.716654
287.000000 98.657128
288.000000 98.855672
289.000000 99.331043
290.000000 99.786882
291.000000 99.624909
292.000000 97.283443
293.000000 98.332340
294.000000 103.332242
295.000000 99.348165
296.000000 94.913100
297.000000 101.328360
298.000000 100.629708
299.000000 101.906728
